Part Number,QtyRealTimeOnHand,QtyOnPurchaseOrder,Minimum_Stock_Level
1234N1203,0,0,0
AV-201,8612.07,0,1000
AV-BASE-BK,17811.19,0,5000
AV-BASE-SNAP,17258.415,0,10000
AV-BASE-WH,49000.461,0,25000
AV-BOX,161,0,100
AV-CH,5108,0,1500
AV-CH-BK,0,0,0
AV-CH-PA,667,0,0
AV-CH-PG,1575,0,0
AV-CH-SA,51.66,0,500
AV-CH-WH,1159.501,0,500
AV-CL,257,1000,1000
AV-CONN,13092,0,5000
AV-CONTACT,96786.664,0,50000
AV-CV-CL,3359.999,0,1500
AV-CV-WH,2041.495,0,1500
AV-EC-BK,725,0,125
AV-EC-SV,451,0,125
AV-EC-WH,202,0,125
AV-LCH,10834,0,1500
AV-LCH-BK,1049.7,0,0
AV-LCH-PA,199.995,0,0
AV-LCH-PG,1099.64,0,0
AV-LCH-SA,4390.2,0,500
AV-LCH-WH,583.45,0,500
AV-LEC-BK,1924,0,125
AV-LEC-SV,510,0,125
AV-LEC-WH,872,0,125
AV-LNS,26545,0,4000
AV-MC,2539.397,0,2500
AV-MC-BK,4367,0,1000
AV-MS,292,5000,1000
AV-RB-BK,13295,0,2500
AV-RB-WH,5683,0,5000
AV-RF,64842.696,0,2500
AV-RF-A,4268,0,2500
AV-RF-S,18223,0,5000
AV-TOWER-BK,15075,0,5000
AV-TOWER-WH,48711.466,0,25000
AVLED-4000K,0,0,0
AVLED-IW,7695,0,5000
AVLED-KC,2900,0,2500
AVLED-LW,1486,0,0
AVLED-WH,0,0,0
AVLED-WW,14899.77,0,10000
AVLED-WW-G1,1068,0,0
AVO-BKT-V,523,0,0
AVO-CLMP-BASE,705,0,0
AVO-ED-CL,2459,0,0
AVO-EL-CL,1586,0,0
AVO-ELC-CL,1586,0,0
AVO-END-SCREW,3166,0,0
AVO-EXT,7474.75,0,0
AVO-HOLD-BK,610,0,0
AVO-NUT-BK,4839,0,0
AVO-TUBE-2.5M,218.22,0,0
AVWH-T-FR,620,0,250
AVWH-T-MP,645,0,250
AVXF-100,6426,0,3280
AVXF-2700K,140.388,0,0
AVXF-3500K,1682.56,0,0
AVXF-4000K,354.96,0,0
AVXF-60,3498.989,0,2000
AVXF-75,2877,0,2500
AVXF-CP,6016,0,2000
AVXF-IW,9698.006,0,5000
AVXF-KC,5000,0,0
AVXF-MC,4783.6,0,1500
AVXF-WW,10382.23,3014,10000
BB-301,3760.616,1781,5000
C2-12/40PG,1,0,0
C2-12/50PG,16,0,0
C2-120-12V,1,0,0
C2-12DC-RPG,87,0,0
C2-192-24V,0,0,0
C2-24/50PG,0,0,0
C2-240-12V,3,0,0
C2-24DC-RPG,150,0,0
C2-288-24V,1,0,0
C2-288-24V/277,1,0,0
C2-300-12V,1,0,0
C2-300-12V/277,0,0,0
C2-40-24V,181,0,50
C2-480-24V,10,0,0
C2-480-24V/277,0,0,0
C2-50-24V,220,0,50
C2-60-12V,48,0,25
C2-60E/PG,50,0,0
C2-6DC-RPG,71,0,0
C2-6PG,67,0,0
C2-8DC-RPG,115,0,0
C2-8PG,65,0,0
C2-96-24V,140,0,50
C2-96-24V/277,9,0,0
CABLE-BK,57547.955,0,50000
CABLE-CAT5-25,84,0,50
CABLE-CAT5-50,100,0,25
CABLE-DMX,1399.83,0,300
CABLE-GR,800,0,0
CABLE-KS,0,0,0
CABLE-WH,63832.563,0,50000
CC-40-DIODE,20,0,0
CC-BOX,84,0,0
CC-LENS,121,0,0
CL-100,2747.8,0,1000
CL-102,0,0,0
CL-150,3268.997,0,1000
CL-201,6017.238,0,0
CL-202,9137.842,0,5000
CL-203,11133.59,73,10000
CL-30,3039.24,0,3280
CL-300,613,0,0
CL-38,0,0,0
CL-50,5480.52,0,3280
CL-60,111.11,0,0
CL-80,2034.44,0,1000
CL-AM,2000,0,0
CL-BL,1000,0,0
CL-GR,1000,0,0
CL-IW,250,0,0
CL-RD,1000,0,0
CL-SO,1000,0,0
CL-WH,1000,0,0
CLED-2000K,11566.43,0,10000
CLED-2500K,32734.53,0,20000
CLED-3000K,7949.45,4000,10000
CLED-5000K,6825.86,0,5000
CLED-AM,4890.52,1000,2500
CLED-BL,2600.97,0,2500
CLED-GR,6627.36,0,2500
CLED-RD,4590.33,0,2500
CR-B,4500.18,0,5000
CR-BL,729,0,0
CR-DF,4170.81,0,1000
CR-EC,429,206,500
CR-GL,2605,0,0
CR-KB,2700,0,1000
CR-LV,1726,0,0
CR-RD,607,0,0
CR-RS,470,0,0
CR-S,2999.64,0,5000
CR-TL,1191,0,0
CT-B,13259.37,0,5000
CT-BL,1185,0,0
CT-DF,4554.65,0,1000
CT-EC,573,123,500
CT-GL,530,0,0
CT-KB,1104,0,1000
CT-LV,1017,0,0
CT-RD,916,0,0
CT-RS,428,0,0
CT-S,8282.22,0,5000
CT-TL,777,0,0
CTO-CP,7752,0,2500
DC-CONN,580,0,0
DMX-CTR,0,0,0
DMX-CTR-B,1,0,0
DMX-CTR-W,1,0,0
DMX-MACHINE,0,0,0
DOOSH-2F,15,0,0
DOOSH-2M,45,0,0
DTP,0,0,0
EC-B,192,0,0
EC-BK,2585,0,500
EC-D,3468,0,0
EC-FL,7992,0,1000
EC-L,8445,0,1000
EC-M,4631,0,1000
EC-PG,1376,0,500
EC-SC,2673,0,500
EC-TXA,974,0,0
EC-W,691,0,250
ECD-BK,9263,0,1000
ECD-CL,8776,0,1000
ECD-WH,1574,0,1000
ECL-BK,4925,0,1000
ECL-CL,6873,0,1000
ECL-WH,1672,0,1000
ECM-L,2739,0,1000
ECW-L,3540,0,1000
EMC-500-ATLA,28,0,0
EMC-CON-500,28,0,0
EMC-CON-500-90D,28,0,0
ENCL12124,3,0,0
EX-112,622.095,0,0
EX-124,7077.723,5000,5000
EX-212,4638.457,0,0
EX-BL,2651.264,0,1000
EX-CAP,99.316,0,0
EX-CB,950,0,0
EX-CNT,29043.915,40000,20000
EX-CS-P,164,0,0
EX-CS1,87,0,0
EX-CS2,204,0,0
EX-CS3,6,0,0
EX-CS4,99,0,0
EX-CUBE-CL,38,0,0
EX-CUBE-RD,41,0,0
EX-EB,26,0,0
EX-G14-CL,10865.621,0,2800
EX-G14-FR,7550.236,0,2800
EX-G25-WH,0,0,0
EX-GR,1424.664,0,1000
EX-LED-A,0,0,0
EX-LED-B,2,0,0
EX-LED-C,7,0,0
EX-LED-LC,0,0,0
EX-LED-O,2,0,0
EX-LED-OB,2,0,0
EX-LED-RB,2,0,0
EX-LSK-BK,8920.56,20000,10000
EX-LSK-WH,13531.308,1640,10000
EX-MA-BK,889,0,0
EX-MA-WH,3669,0,0
EX-MD-BK,15921,0,5000
EX-MD-BK-old,10244,0,0
EX-MD-WH,5630,0,5000
EX-MD-WH-old,9744,0,0
EX-MDA-BK,17041,0,10000
EX-MDA-WH,4654,495,5000
EX-MDASCR,6797,0,0
EX-MS-BK,10958,0,5000
EX-MS-WH,7089,263,5000
EX-OR,1457.644,0,1000
EX-OR-03,7312.73,0,0
EX-OR-22,51901.191,0,40000
EX-ORING,2419.8,0,0
EX-PEND,211,0,50
EX-PL,1327.764,0,1000
EX-RD,1624.264,91,1000
EX-RGB-300,2507,0,0
EX-RGB-LEAD,296,0,0
EX-S-AM,945.55,0,0
EX-S-BL,915,0,0
EX-S-CL,2593.58,0,0
EX-S-FR,1832.04,0,0
EX-S-GR,846,0,0
EX-S-RD,987,0,0
EX-S-VL,1253,0,0
EX-S14-CL,4718.738,0,2500
EX-S14-FR,4409.356,2058,2500
EX-SCR,44733.522,81000,40000
EX-SCREW,7000,0,0
EX-SEALANT,0,0,0
EX-SH,7831.226,300,5000
EX-SILICONE,111.43,0,0
EX-SKT-BK,245,0,0
EX-SKT-WH,1552.84,0,0
EX-SPH-AM,1332.076,0,1000
EX-SPH-BL,2301.008,0,1000
EX-SPH-CL,10772.419,0,5000
EX-SPH-FR,10087.882,0,5000
EX-SPH-GR,1287.972,0,1000
EX-SPH-RD,646.553,0,1000
EX-SPH-VL,1608.926,0,1000
EX-TK,23,0,0
EX-UB-IW,4809.01,0,0
EX-UB-LW,7275.778,0,5000
EX-UB-WW,3959.545,5000,5000
EX-USK-BK,13578.922,20000,10000
EX-USK-WH,10695.121,1640,10000
EX-VI-2000K-BB,0,0,0
EX-VI-IW,5194.216,0,0
EX-VI-LW,7662.15,0,5000
EX-VI-WW,2849.793,5000,5000
EX-WH,3074.916,0,2500
EX-WR,495,0,0
EX-WW,2682.338,10000,5000
EX-YG,2065.384,0,1000
EXC-EC,831,0,200
EXC-SPL,2304,0,200
EXCH-B-NA,8325,0,1000
EXCH-B-PA,164,0,0
EXCH-B-PG,482,0,0
EXCH-B-SA,4086.586,0,1000
EXCH-B2-BK,677,0,1000
EXCH-B2-NA,584,0,1000
EXCH-B2-SA,2357,0,1000
EXCH-B2-WH,994,0,1000
EXCH-C-BK,512,0,1000
EXCH-C-NA,9575,0,1000
EXCH-C-PA,205,0,0
EXCH-C-PG,451,0,0
EXCH-C-SA,1407.586,0,2000
EXCH-C-WH,1010,0,1000
EXCH-EC-H,0,0,0
EXSS-CABLE,0,800,0
FILTER-BLUE,0,0,0
FILTER-DIFFUSER,400,0,0
FILTER-GOLD,0,0,0
FILTER-KB,0,0,0
FILTER-LAVENDER,0,0,0
FILTER-RED,0,0,0
FILTER-ROSE,0,0,0
FILTER-TEAL,0,0,0
FL-200,3658,0,2000
FL-300,2543,0,2000
FL-400,1019,0,0
FLBK,11550.921,0,0
FLBK-110-HM,5635.47,0,2500
FLBK-160-HM,11490.718,0,5000
FLBK-210-HM,9035.989,1377,5000
FLBK-310-HM,8294.352,528,5000
FLBK-410-HM,330.168,8070,2500
FLBK-60-HM,3034.153,392,2500
FLBK-60/64/20L,0,0,0
FLBK-60/64/20LL,0,0,0
FLBK-910-16SKT,0,0,0
FLGR,9088,0,0
FLN-3000K-03D-B,30,0,0
FLN-5000K-03D-B,8,0,0
FLWG,8878.51,0,0
FLWG-110-HM,49.165,0,0
FLWG-160-HM,9651.633,7860,3930
FLWG-210,5606.3,0,0
FLWG-210-HM,1870.993,5000,3440
FLWG-310-HM,9081.856,1056,5280
FRL-10-BL-DF-108,0,0,0
FRL-10-RD-DF-108,0,0,0
FRL-10-RGB-165MM,0,0,0
FRL-10-RGB-165MM-MITER,0,0,0
FRL-8-5000-610MM,0,0,0
FSM-3000K-03D-B,20,30,0
FSM-3000K-03D-W,21,0,0
FSM-5000K-03D-B,40,0,0
FSM-5000K-03D-W,16,0,0
FSM-LNS-CL,293,0,0
FSP-3000K-03D-B,21,0,0
FSP-4000K-03D-B,0,0,0
FSP-5000K-03D-B,18,0,10
FT19-BK,947,0,0
GR-100-IW-08D-1600,11,0,0
GR-100-IW-08D-2400,0,0,0
GR-100-IW-08D-800,10,0,0
GR-A-MB,153,0,0
GR-B-EX-2.32M,0,0,0
GR-B-EX-2.4M,219.74,0,0
GR-BOX,18,0,0
GR-C-EX-100MM-2.4M,237.73,0,0
GR-C-EX-2.4M,23.54,0,0
GR-C-EX-75MM-2.4M,8.2,0,0
GR-EC,733,0,0
GR-EC-PG,1050,0,0
GR-F-MB,478,0,0
GR-FOAM-FLAT,100,0,0
GR-FOAM-P&P,75,0,0
GR-GMT,0,0,0
GR-INV-CARD,596,0,0
GR-LED-2700K-G1,14,0,0
GR-LED-BL,165,0,0
GR-LED-IW,578.72,0,0
GR-LED-NW,964,0,0
GR-LF-1.83M,478,0,0
GR-LNS-20D,4731.76,0,0
GR-LNS-40D,1651,0,0
GR-LNS-8D,1573.84,0,0
GR-LNS-GD/CL,1732.72,0,0
GR-LNS-GD/FR,1516,0,0
GR-LNS-SP,632.12,0,0
GR-MB-SC,3000,0,0
GR-MC,1445,0,0
GR-SR,1876,0,0
GR-SR-SC,1934,0,0
GREEN PLED-IW,24416.03,0,0
GRHB-100,178.368,200,100
GRHB-2700,3378,5,1000
GRHB-2700-L,785,0,250
GRHB-3000,2861,0,1000
GRHB-3000-L,1077,0,250
GRHB-4000,762,1000,500
GRHB-4000-L,381,570,200
GRHB-60,214.2,0,100
GRHB-75,172.24,50,100
GRHB-AB,654,600,500
GRHB-BASE,532.808,0,400
GRHB-EC,972,1000,500
GRHB-FB,885,0,400
GRHB-GLVR,146.716,0,100
GRHB-HLVR,1459,0,1000
GRHB-LC,3747,0,3000
GRHB-LNS-15D,2842,0,1000
GRHB-LNS-8D,1647,2016,1000
GRHB-LNS-SP,2735,0,1000
GRHB-PLVR,1456,0,1000
GRX-2700-15D-1200,101,1,100
GRX-2700-15D-300,77,0,50
GRX-2700-15D-600,92,0,70
GRX-3000-15D-1200,369,0,300
GRX-3000-15D-300,156,0,150
GRX-3000-15D-600,176,0,200
GRX-4000-15D-1200,123,0,100
GRX-4000-15D-300,58,0,50
GRX-4000-15D-600,95,0,70
GRX-CABLE,492,0,200
GRX-CON,489,0,300
GRX-CP,492,0,0
GRX-EC,686,0,300
GRX-EXT-1M,202,0,200
GRX-EXT-3M,330,0,200
GRX-LVR,1058,0,0
GRX-LVR-BK,100.1,0,0
GRX-LVR-MILL,5068,0,0
GRX-LVR-SCREW,433,0,0
GRX-Y-CON,343,0,300
HBL-BOOT,45,0,0
HBL-CONN,45,0,0
HC-10/BOX-GSKT,267,0,50
HC-10/NUT,4500,0,0
HC-10/PLUG,418,0,200
HINGE-BK,707,1699,250
ICP,5,0,0
ILS-BASE,584,0,0
ILS-COVER,634,0,0
ILS-EC,634,0,0
ILS-FB,803,0,0
INT-50,0,0,0
KIT-BOX-SM,0,0,0
KLED-IW-CF,1078.78,2000,2500
KLED-IW-FF,2787.97,0,2500
KLED-IW-SF,9683.92,0,2500
KLED-WH-FF,1584.16,0,0
KLED-WH-SF,476,0,0
KLED-WH-ST,39.612,60,0
KLED-WW-CF,6657.71,0,2500
KLED-WW-SF,5789.765,0,2500
KS-CONTACT,0,0,0
KS-ED,0,0,0
KS-EXCH-ADP,0,0,0
KS-G19-FR,0,0,0
KS-GS-ADP,0,0,0
KS-GS-LW,0,0,0
KS-GS-P,0,0,0
KS-GS-UP,0,0,0
KS-LR,0,0,0
KS-LSKT,0,0,0
KS-MC-2.4M-BK,0,0,0
KS-MD-BK,0,0,0
KS-MDA-BK,0,0,0
KS-MS-BK,0,0,0
KS-RGB,0,0,0
KS-SCREW,0,0,0
KS-SEAL-MOD,0,0,0
KS-SH-BK,0,0,0
KS-USKT,0,0,0
KSW-CON-DC-15M,2,0,0
KSW-CON-DC-30M,3,0,0
KSW-CON-LC-10M,6,0,0
KSW-CON-T,6,0,0
KSW-EXT-1M,3,0,0
KSW-L1200-RGBW-20D,0,0,0
KSW-L300-RGBW-20D,0,0,0
KSW-L600-RGBW-20D,6,0,0
KSW-L900-RGBW-20D,2,0,0
LC-1CH-DP,51,100,100
LC-1CH-DP-5V,1,0,0
LC-1CH-MULTI,290,750,500
LC-3CH-CM,11,0,20
LC-3CH-DMX,433,0,500
LC-3CH-DP,34,0,100
LC-4CH-DMX,5,0,0
LC-CLR-DMX,3,0,0
LC-DMR,23,0,20
LC-DMR-5V,1,0,0
LC-DMR-BKK,60,0,30
LC-DMR-EZ,50,0,25
LC-DMR-SVK,60,0,30
LC-DMX-5A,0,300,0
LC-GR-DP,53,0,20
LC-KSW-DC,6,0,0
LC-KT-DMR,14,0,0
LC-KT-DP,90,0,0
LC-KT-SCDP,13,0,0
LC-PWM-SD,322,0,25
LC-SB,28,0,0
LC-SC,5,0,0
LC-SPL-DMX,1,0,0
LC-SPL2-DMX,0,0,0
LDCC-50W-700DALI,3,0,0
LDR-3DA,24,0,0
LDR-DIM,254,0,0
LDR12-20,2,0,0
LDR12-60,6,0,0
LDR24-120,8,0,0
LDR24-16,60,0,0
LDR24-192,717,0,250
LDR24-20,0,0,0
LDR24-25,73,0,0
LDR24-40,64,0,32
LDR24-96,682,0,100
LDR24-96-DALI,60,0,0
LDR8-150,5,0,0
LDR8-200,12,0,0
LDR8-40,700,0,1500
LDR8-40-277,384,0,100
LDR8-40W,0,504,0
LDR8-80,449,504,1500
LDR8/40,20,0,0
LDRCC-40,294,0,0
LDRCC-40-LINEAR,0,0,0
LDRCC-40-NS,0,60,0
LED-AM,2194,0,0
LED-BL,0,0,0
LED-BOX,203,0,0
LED-BOX-5,46,0,0
LED-GR,2466,0,0
LED-IW,1300,0,0
LED-IW-120,0,0,0
LED-IW-A3,500,0,0
LED-IW-CF,4000,0,0
LED-RD,2000,0,0
LED-SO,650,0,0
LED-WH,2500,0,0
LED-WH-120DV,760,0,0
LED-WH-FL,990,0,0
LG-875,624,0,0
LG-C,0,0,0
LINECORD10,141,0,0
LLDR6-60,80,0,0
LPS-350-6CH,75,0,50
LPS-8.4-24,2,0,0
LPSDM-350-6CH,91,0,50
LSB-100,3929.64,0,2000
LSB-150,3199.04,0,2000
LSB-30,52,0,0
LSB-300,3372,0,1000
LSB-50,0.4,0,0
LSB-80,0,0,0
LSC,0,0,0
LSC-100,3236.24,0,2000
LSC-150,2412.8,0,2000
LSC-30,952,0,0
LSC-300,1497.8,0,1000
LSC-50,2200.8,0,0
LSC-80,787,0,0
LSW-100,2464.88,0,2000
LSW-15,1290.76,0,1000
LSW-150,4769.88,0,2000
LSW-18AWG,2500,0,0
LSW-30,2389.2,0,2000
LSW-300,3640.04,0,1000
LSW-50,3228.86,0,2000
LSW-80,1549.88,0,1500
LUM-100-2200,0,0,0
LUM-100-3000,0,0,0
LUM-100-4500,0,0,0
LUM-100-BL,1047.44,0,0
LUM-100-IW,2056.32,0,1860
LUM-100-RD,0,0,0
LUM-100-WH,1963.36,0,1240
LUM-150-3000,0,0,0
LUM-150-4500,0,0,0
LUM-150-IW,0,0,0
LUM-200-CSTM,0,0,0
LUM-310-IW,107,0,0
LUM-50-2200K,0,0,0
LUM-50-3000,133.339,0,0
LUM-50-4500,0,0,0
LUM-50-BL,1279.88,0,990
LUM-50-IW,1592.882,990,1980
LUM-50-IW-F,0,0,0
LUM-50-IW-Z,1664,0,0
LUM-50-RD,0,0,0
LUM-50-WH,1716.92,0,990
LUM-75-BL,0,0,0
LUM-75-IW,156,0,0
LUM-75-RD,0,0,0
LUM-LEAD,1708.12,0,1000
LUM-LNS,1800,0,0
LUM-RD-CSTM,0,0,0
LUN-BG,238,0,0
LUN-CP,67,0,0
LUN-LH,129,0,0
LUN-PB,66,0,0
LUN-STEM-L,0,0,0
LUN-STEM-M,0,0,0
LUN-STEM-S,0,0,0
LUN-STR,136,0,0
LUNH-11,0,0,0
LUNH-12,1,0,0
LUNH-13,0,0,0
LUNH-14,0,0,0
LUNH-15,0,0,0
LUNH-16,0,0,0
LUNH-17,0,0,0
LUNH-18,0,0,0
LUNH-19,0,0,0
LUNH-20,0,0,0
LUNH-21,0,0,0
LUNH-22,0,0,0
LUNH-23,1,0,0
LUNH-24,1,0,0
LUNH-25,0,0,0
LUNH-27,0,0,0
LV-BKT,957,2000,1000
LV-CH-WH,2258.3,0,1000
LV-CON,110,400,150
LV-CVR,3945.1,0,1000
LV-ECR,516,0,300
LV-ECS,394,0,300
LV-LTC,569,0,400
LV-SCR-SV,2373,0,400
LV-WFL,0.412,0,5
LVM-2700K,642,0,400
LVM-3000K,435,0,400
LVM-4000K,308,0,200
LW-3C-18GA,1601,0,0
LW-4C-18GA,4212,0,0
MC-BC,187.24,0,0
MC-BL,1282,0,0
MC-BW,4737.79,0,5000
MC-DF,3519.688,0,1000
MC-EC,652,1000,500
MC-ECL,5191,0,500
MC-GL,2689,0,0
MC-KB,1816,0,1000
MC-LV,2045,0,0
MC-RD,1525,0,0
MC-RS,2628,0,0
MC-S,3850.89,0,5000
MC-TL,1344,0,0
MDL-2700-B,27,25,30
MDL-2700-B-HF,0,0,0
MDL-2700-S,53,0,30
MDL-2700-W,33,0,30
MDL-3000-B,92,0,30
MDL-3000-B-CC,2,0,0
MDL-3000-B-HF,1,0,0
MDL-3000-S,68,0,30
MDL-3000-W,88,0,30
MDL-4000-B,43,0,30
MDL-4000-B-HF,0,0,0
MDL-4000-S,50,0,25
MDL-4000-W,34,0,30
MDL-5000-B,90,0,30
MDL-5000-B-HF,10,0,0
MDL-5000-HF30B-KIT,0,0,0
MDL-5000-S,45,0,25
MDL-5000-W,49,0,30
MDL-RED-HF30B-KIT,0,0,0
MFL-2700K,4,0,0
MFL-3000K,4,0,0
MFL-CV-BK,4,0,0
MFL-CV-SCR,992,0,0
MFL-CV-SV,4,0,0
MFL-CV-WH,6,0,0
MFL-HC-LNS,6,0,0
MFL-INCVR,6,0,0
MLC-2700-B,29,0,0
MLC-2700-W,59,0,0
MLC-3000-B,61,0,0
MLC-3000-W,42,0,0
MLC-4000-B,26,0,0
MLC-4000-W,29,0,0
MLC-5000-B,4,0,0
MLC-5000-W,5,0,0
MLC-BKT,488,0,0
MLC-CH-B,7.543,0,0
MLC-CH-W,93.037,0,0
MLC-CV-B,36,0,0
MLC-CV-W,187,0,0
MLC-EC-SCR,721,0,0
MLC-EDC-B,98,0,0
MLC-EDC-W,198,0,0
MLC-EDL-B,36,0,0
MLC-EDL-W,186,0,0
MLC-LC-B,58,0,0
MLC-LC-W,189,0,0
MLC-M,2,0,0
MLC-W,2,0,0
MLX-F2,1049,0,0
MLX-F3,1249,0,0
MLX-F4,567,0,0
MLX-F6,3220,0,0
MLX-M2,1788,0,0
MLX-M3,800,0,0
MLX-M4,794,0,0
MLX-M6,1062,0,0
MLX-PIN-F,8114,0,0
MLX-PIN-M,11696,0,0
MPD-2700K-16D-B,0,0,0
MPD-2700K-16D-W,0,0,0
MPD-2700K-24D-B,3,0,0
MPD-2700K-24D-W,0,0,0
MPD-3000K-16D-B,0,0,0
MPD-3000K-16D-W,0,0,0
MPD-3000K-24D-B,0,0,0
MPD-3000K-24D-W,3,0,0
MPD-CON,6,0,0
MPD-EXT-10M,0,0,0
MPD-EXT-1M,2,0,0
MPD-EXT-5M,0,0,0
MPD-SPL2,4,0,0
MPL-2700K-16D-B,3,0,0
MPL-2700K-24D-B,0,0,0
MPL-3000K-16D-B,0,0,0
MPL-3000K-24D-B,3,0,0
MS-CNV-24V,12,0,0
MS-CV-B,48,0,25
MS-CV-S,210,0,25
MS-LNS-16D,545,0,25
MS-LNS-24D,427,0,25
MS-LNS-30D,688,0,200
MS-PLUG-UK,67,0,0
MS-PLUG-US,165,0,0
MS-PS-6CH,241,0,0
MS-SKT-B,248,0,100
MS-SKT-S,178,0,50
MS-SKT-S-10',0,0,0
MSP-2700-B-150,29,0,10
MSP-2700-B-250,15,0,10
MSP-2700-B-30,16,0,10
MSP-2700-B-350,9,0,0
MSP-2700-S-150,10,0,10
MSP-2700-S-250,10,0,10
MSP-2700-S-30,19,0,10
MSP-2700-S-350,10,0,0
MSP-3000-B-150,38,0,25
MSP-3000-B-200,0,0,0
MSP-3000-B-250,43,0,25
MSP-3000-B-30,32,30,25
MSP-3000-B-330,0,0,0
MSP-3000-B-350,6,30,0
MSP-3000-B-80,0,0,0
MSP-3000-S-150,49,0,25
MSP-3000-S-2,0,0,0
MSP-3000-S-200,0,0,0
MSP-3000-S-250,25,0,25
MSP-3000-S-30,51,0,25
MSP-3000-S-350,6,0,0
MSP-3000-S-53,0,0,0
MSP-3000-S-75,0,0,0
MSP-3000K-16D-S-35M,0,0,0
MSP-4000-B-150,21,0,10
MSP-4000-B-250,34,0,10
MSP-4000-B-30,11,0,10
MSP-4000-B-350,3,0,0
MSP-4000-S-150,9,0,10
MSP-4000-S-250,19,0,10
MSP-4000-S-30,19,0,10
MSP-4000-S-350,10,0,0
MSP-5000-B-150,11,0,10
MSP-5000-B-250,12,0,10
MSP-5000-B-30,18,0,10
MSP-5000-B-350,10,0,0
MSP-5000-S-150,16,0,10
MSP-5000-S-250,11,0,10
MSP-5000-S-30,18,0,10
MSP-5000-S-300,0,0,0
MSP-5000-S-350,10,0,0
MSP-5000-S-400,8,0,0
MSP-6000-B-150,0,0,0
MSP-6000-S-150,4,0,0
MSP-6000-S-250,0,0,0
MSP-6000-S-30,0,0,0
MTK-2700-B,24,75,50
MTK-2700-S,145,0,50
MTK-3000-B,87,75,100
MTK-3000-S,195,0,100
MTK-3000-WH,0,0,0
MTK-4000-B,30,0,25
MTK-4000-S,44,0,25
MTK-4200-B,0,0,0
MTK-4200-S,0,0,0
MTK-5000-B,32,0,15
MTK-5000-S,25,0,15
MTK-6000-B,44,0,0
MTK-6000-S,44,0,0
MTK-CONN,191,0,100
MUP-2700K-16D-B,2,0,0
MUP-2700K-16D-B-GC,0,0,0
MUP-2700K-16D-S,0,0,0
MUP-2700K-16D-S-GC,0,0,0
MUP-2700K-24D-B,2,0,0
MUP-2700K-24D-B-GC,0,0,0
MUP-2700K-24D-S,0,0,0
MUP-2700K-24D-S-GC,0,0,0
MUP-3000K-16D-B,2,0,0
MUP-3000K-16D-B-GC,0,0,0
MUP-3000K-16D-S,0,0,0
MUP-3000K-16D-S-GC,0,0,0
MUP-3000K-24D-B,2,0,0
MUP-3000K-24D-B-GC,0,0,0
MUP-3000K-24D-S,0,0,0
MUP-3000K-24D-S-GC,0,0,0
MUP-3500K-16D-B,0,0,0
MUP-3500K-16D-B-GC,0,0,0
MUP-3500K-16D-S,0,0,0
MUP-3500K-16D-S-GC,0,0,0
MUP-3500K-24D-B,0,0,0
MUP-3500K-24D-B-GC,0,0,0
MUP-3500K-24D-S,0,0,0
MUP-3500K-24D-S-GC,0,0,0
MUP-4000K-16D-B,0,0,0
MUP-4000K-16D-B-GC,0,0,0
MUP-4000K-16D-S,0,0,0
MUP-4000K-16D-S-GC,0,0,0
MUP-4000K-24D-B,0,0,0
MUP-4000K-24D-B-GC,0,0,0
MUP-4000K-24D-S,0,0,0
MUP-4000K-24D-S-GC,0,0,0
NSY-TP,38,0,50
NSY-TP-200,84,0,0
NYLOC-832,624,0,0
OCPPLATE,5,0,0
OL-CON-2M,69,0,50
OL-EC,82,0,50
OL-EXT-10M,50,0,25
OL-EXT-1M,47,0,25
OL-EXT-5M,50,0,25
OL270015-1,70,0,50
OL270015-3,38,0,0
OL300015-1,27,0,0
OL300015-3,38,0,20
OL400015-1,76,0,50
OL400015-3,40,0,20
OPT-115,244,0,0
OPT-75,347,0,0
OPT-CC,1656,0,0
OPT-LSKT,623,0,0
OPT-MB,954,0,0
OPT-SH,433,0,0
OPT-USKT,626,0,0
OPTIMA-DS2,2,0,0
P-18V,257,0,0
P063DH,990,0,0
PF-B,2912,0,500
PF-G,4770,0,500
PF-S,286,0,0
PHMS-832-3125,624,0,0
PHMS-832-625,624,0,0
PHSTT-440-375,1740,0,0
PLED-AM,10700.14,0,5000
PLED-BL,15435.42,0,5000
PLED-GR,11249.56,0,5000
PLED-IW,15100.47,0,10000
PLED-RD,6183.55,0,5000
PLED-WH,5129.16,0,5000
RC-101A,2000,0,500
RC-101B,1700,0,500
RC-101G,3200,0,500
RC-101R,3100,0,500
RC-101W,2200,0,500
RC-105A,1500,0,500
RC-105B,4600,0,500
RC-105G,2900,0,500
RC-105R,1500,0,500
RC-105W,2400,0,500
RC-B,5365.04,0,5000
RC-BL,890,0,0
RC-CP,5826,0,2500
RC-DF,623.82,0,500
RC-EC,1451,0,500
RC-GL,537,0,0
RC-KB,497,0,0
RC-LV,697,0,0
RC-RD,1764,0,0
RC-RS,393,0,0
RC-S,10013.348,0,10000
RC-TL,660,0,0
RCASE,22,0,0
RCP,27,0,0
RGB-CTR,5,0,0
RKF,29,0,0
RKP,12,0,0
RKROLLER,4,0,0
RS-GC,4059,0,0
RV-2200-SP,11.2,0,0
RV-2400-120D,1115.41,0,0
RV-2400-SP,1198,0,1000
RV-2700-120D,5431.24,0,2000
RV-2700-SP,4271.49,3750,4000
RV-2700-SP-WH,219,0,0
RV-3000-120D,4670.82,0,2000
RV-3000-SP,10849.53,0,4000
RV-3500-120D,1600,0,0
RV-4200-120D,1627.9,0,0
RV-4200-120D-WH,24.38,0,0
RV-4200-SP,1468.91,0,0
RV-5500-120D,3712.35,0,2000
RV-5500-SP,4453.54,0,2000
RV-AB,461,0,200
RV-BL-120D,1979.35,320,2000
RV-BL-SP,3122.95,271,2000
RV-CH-BK-2.4M,291,0,0
RV-CH-SV-2.4M,763.25,0,200
RV-CONTACT,58314.414,0,10000
RV-EC-BK,0,0,0
RV-EP-SCR,9316,0,0
RV-FB,274,0,200
RV-GL-DC,8,0,0
RV-GL-ED-L,3,0,0
RV-GL-ED-R,11,0,0
RV-GL-FIN-L,125,0,0
RV-GL-FIN-U,95,0,0
RV-GL-LVR-2.4M,199,0,0
RV-LSKT,21996.19,0,10000
RV-LSKT-WH,854.38,0,0
RV-LVR-BK-2.4M,0,0,0
RV-LVR-SV-2.4M,274.07,180,200
RV-ORING,20717.57,0,10000
RV-RD-120D,0,0,0
RV-RD-SP,0,0,0
RV-SCREW,80445.201,665,40000
RV-SEAL,23619.796,0,0
RV-SEALANT,0,100,50
RV-USKT,20875.19,0,10000
RV-USKT-WH,1790.38,0,0
RVC-EC,843,0,200
RVC-EC-BK,0,0,0
RVC-EC-G1,150,0,0
RVC-SPL,2071,0,200
RVCL-EC,413,0,100
RVCL-EC-BK,0,0,0
RW-3000-120D,0,0,0
RW-3000-SP,0,0,0
RW-CONTACT,0,0,0
RW-GASKET,0,0,0
RW-LSKT,0,0,0
RW-SCREW,0,0,0
RW-USKT,0,0,0
SC-360BB,5,0,0
SC-360BB-12,3,0,0
SC-5A,14,0,0
SC-5A-12,0,0,0
SD277-120-250,1,0,0
SD277-120-500,20,0,0
SH-01,971,0,0
SH-02,129921.044,2673,125000
SH-03,6160,0,0
SH-04,87172,0,1000
SL-101,1966,0,0
SL-102,5192,0,2500
SL-A,6157,0,0
SL-B,5128,0,0
SL-G,4757,0,0
SL-LK,3109,0,0
SL-MB-BK,3940,0,2000
SL-MB-WG,6014,0,2000
SL-R,5668,0,0
SL-W,2900,0,0
SLBK-12-101,0,0,0
SLBK-12-102,27,0,0
SLBK-4-101,24,0,0
SLBK-4-102,42,0,0
SLBK-8-101,47,0,0
SLBK-8-102,49,0,0
SLBK-8-102-48L,100,0,0
SLBK-8-90L,0,0,0
SLE-90BK,10,0,0
SLE-90GR,5,0,0
SLE-90WG,10,0,0
SLGR-12-101,0,0,0
SLGR-12-102,88,0,0
SLGR-12-30L,0,0,0
SLGR-4-101,64,0,0
SLGR-4-102,11,0,0
SLGR-8-101,0,0,0
SLGR-8-102,61,0,0
SLGR-8-75,86,0,0
SLGR-8-90L,0,0,0
SLN-90BK,9,0,0
SLN-90WG,10,0,0
SLWG-12-101,12,0,0
SLWG-12-102,4,0,0
SLWG-4-101,75,0,0
SLWG-4-102,0,0,0
SLWG-6-101,0,0,0
SLWG-8-101,5,0,0
SLWG-8-102,47,0,0
SLWG-8-90L,14,0,0
SN-BK,0,0,0
SRP,591,0,500
SW-DM3-BK,33,0,0
T12-100,0,0,0
T12-100/277,0,0,0
T12-1000,3,0,0
T12-1000/230,0,0,0
T12-1000/277,0,0,0
T12-1200,6,0,5
T12-150,82,0,50
T12-150-E,136,0,0
T12-150/277,20,0,0
T12-250,3,0,0
T12-250/230,0,0,0
T12-300,80,0,50
T12-300-E,30,0,0
T12-300/277,9,0,0
T12-500,1,0,0
T12-500/230,0,0,0
T12-500/277,1,0,0
T12-60,0,0,0
T12-60-E,30,0,0
T12-600,94,0,50
T12-600/277,36,0,0
T12-750,10,0,0
T12-750/277,0,0,0
T12/1200-230,29,0,0
T12/150-230,26,0,20
T12/300-230,46,0,20
T12/600-230,44,0,20
T12200,0,0,0
T22/600,2,0,0
T24-100/277,0,0,0
T24-1000,38,0,0
T24-1000/230,0,0,0
T24-1000/277,0,0,0
T24-1200,113,0,75
T24-150,77,100,75
T24-150/277,14,0,0
T24-150E/230,0,0,0
T24-250,4,0,0
T24-250/230,0,0,0
T24-300,73,50,75
T24-300/277,6,0,0
T24-500,1,0,0
T24-500/230,0,0,0
T24-500/277,0,0,0
T24-600,67,50,75
T24-600/277,14,0,0
T24-750,14,0,0
T24-750/277,1,0,0
T24/1000-230,21,0,0
T24/1200-230,14,0,20
T24/150-230,21,0,20
T24/300-230,22,0,20
T24/600-230,21,0,20
T24/750-230,15,0,0
TAPE-EL,0,0,0
TB-101,19672.032,10329,15000
TB-101A,24771.942,1355,15000
TB-101R,2108,0,0
TB-105,24576.368,2295,15000
TB-105A,15771.378,0,15000
TB-106,12621.18,3244,10000
TB-106A,12283.14,0,10000
TB-110A,565.856,0,0
TB-201A,0,0,0
TB-205,2764.37,0,0
TB-401F,0.06,0,0
TB-501F,0.09,0,0
TC-10-M,1,0,0
TC-10-M-12,0,0,0
TC-10-S,7,0,0
TC-1000-M,0,0,0
TC-1000-M-12,0,0,0
TC-1000-S,5,0,0
TC-101A,1800,0,0
TC-101B,23500,0,0
TC-101C,2500,0,0
TC-101G,4000,0,0
TC-101R,19000,0,0
TC-10W,9,0,0
TC-300-M,2,0,0
TC-300-M-12V,0,0,0
TC-300-S,7,0,0
TC-300-S-12V,5,0,0
TC-32-M,2,0,0
TC-32-M-12,0,0,0
TC-32-S,2,0,0
TC-32-S-12,0,0,0
TC-32-S-120V,2,0,0
TC-32-S/B,0,0,0
TC-400BB,2,0,10
TC4000-BB-CUSTOM,1,0,0
TCW-7-M,0,0,0
TCW-7-S,0,0,0
TD-10,5,0,0
TDP-1253,1050,0,0
TDP-1254_2,50,0,0
TDR-BASE,59880.578,0,10000
TDR-BK,0,0,0
TDR-CONN,8750,0,500
TDR-PG,14880.008,0,10000
TDR-SC,16500.32,0,5000
TDR-WB,6083,0,0
TDR-WH,6200,0,2500
TDS-CS,3800,0,2500
TDS/RIM,7788,0,500
TK-CN,578,0,250
TK-CN-1218,0,0,0
TK-CN-2418,0,0,0
TKN-CH-R,123,0,0
TKN-CH-S,590,0,0
TKN-CP,464,0,0
TKN-EC,904,0,0
TLED-AM,11954.14,5000,7500
TLED-BL,16237.32,5000,10000
TLED-GR,10602.19,5000,7500
TLED-IW,16994.64,10000,15000
TLED-IW-HB,27805.56,0,15000
TLED-IW-UB,28513.57,0,20000
TLED-LW,5842.8,0,2500
TLED-LW-HB,4368.327,2500,2500
TLED-LW-UB,4661.33,0,2500
TLED-MG,4354.57,2500,2500
TLED-PL,2657.06,2500,2500
TLED-RD,16676.36,0,7500
TLED-WH,17260.64,5000,15000
TLED-WH-HB,17464.378,5000,10000
TLED-WH-UB,21944.67,0,15000
TLED-WW,35622.392,10000,30000
TLED-WW-CUT,770,0,0
TLED-WW-HB,15635.9,0,15000
TLED-WW-UB,24248.673,0,15000
TLM-100,1227,0,0
TLM-30,381,0,0
TLM-50,846,0,0
TLN-2500K,189.05,0,0
TLN-2700K,192.923,371,100
TLN-3000K,126.747,0,100
TLN-4000K,184.26,0,100
TLN-5000K,4,0,0
TLN-BASE,283.795,450,250
TLN-CP,3870,0,2500
TLN-CP-MG,983,0,0
TLN-CVR-CL,323.692,0,250
TLN-CVR-DF,255.103,450,250
TLN-DSTAPE,75.022,0,0
TLN-ED-CL,799,0,500
TLN-ED-DF,2018,0,500
TLN-JW,8204.177,0,500
TLN-NLVR,4480,0,0
TLN-RGB,29.302,0,50
TLN-SILICONE,41.92,0,5
TLP-100,1590.59,0,0
TLP-150,2365.72,0,0
TLP-30,4008.5,0,0
TLP-300,2724,0,0
TLP-50,1601.13,0,0
TLP-80,1322.54,0,0
TLW WIRE,255,0,0
TLW-100,2651.6,0,1000
TLW-150,1536.56,0,1000
TLW-25,0,0,0
TLW-30,2281.64,0,1000
TLW-300,1802,0,1000
TLW-50,4631.86,0,1000
TLW-80,2740.893,0,1000
TLX-2000K,1901,0,1000
TLX-2400K,3240,0,2000
TLX-2700K,3886,0,2000
TLX-3000K,5693,0,2000
TLX-3000K-BK,183,0,0
TLX-4500K,1160,0,1000
TLX-5700K,1123,0,0
TLX-CLB,732,0,500
TLX-CLB-OLD,324,0,0
TLX-CON-WG2,310,0,250
TLX-CON-WH12.2,24,0,0
TLX-CON-WH16,0,0,0
TLX-CON-WH2,730,0,250
TLX-CON-WH24,0,0,0
TLX-CON-WH3,4,0,0
TLX-CON-WH8,4,0,0
TLX-CP,5636,0,2000
TLX-CP-WG,2514,0,250
TLX-ED,1470,3000,1000
TLX-ED-BK,337,0,0
TLX-ED-G1,3032,0,0
TLX-ED-WG,2052,0,500
TLX-FC,845,0,500
TLX-FLC-WG2,622,0,250
TLX-FLC-WH1524,0,0,0
TLX-FLC-WH153,0,0,0
TLX-FLC-WH2,1233,0,500
TLX-FLC-WH3048,0,0,0
TLX-FLC-WH305,0,0,0
TLX-FLC-WH4572,0,0,0
TLX-FLC-WH458,10,0,0
TLX-FLC-WH762,10,0,0
TLX-IW,151,0,0
TLX-KT,1722,0,1000
TLX-LC,282,0,250
TLX-LC2-BK,0,0,0
TLX-LEAD,560.6,0,0
TLX-NW,1116,0,0
TLX-RC,4228,5000,2500
TLX-RC-BK,3232,2500,2500
TLX-RD,32,0,0
TLX-RIVET,1300,0,0
TLX-SPACER,3323.481,0,1000
TLX-TK,487.46,400,400
TLX-TK-BK,328.929,308,250
TLX-WG-2400K-SP,399,0,400
TLX-WG-2700K-SP,2523,0,2000
TLX-WG-3000K-SP,2501,0,2000
TLX-WG-5700K-SP,26,0,0
TLX-WG-BKT,2385,0,500
TLX-WG-CH,9651.38,0,2500
TLX-WG-CH-MILL,884,0,0
TLX-WG-LVR,4456,750,2500
TLX-WG-LVR-R,832,0,0
TLX-WW,314,0,0
TLXBK-FC200,121,100,100
TLXBK-FC50,167,89,100
TLXBK-LC-CLB,146,0,100
TP-01,6745,0,5000
TP-02,4924,0,5000
TP-03,632,0,0
TP-RF,1244,0,0
TRI-100-RGB,1261.89,92,1500
TRI-100-RGB-BK,0,0,0
TRI-150-RGB,959.44,332,1110
TRI-200-RGB,0,0,0
TRI-250-RGB,0,0,0
TRI-300-RGB,403.64,0,0
TRI-350-RGB,0,0,0
TRI-50-RGB,1776.558,0,1575
TRI-80-RGB,39,0,0
TRI-CH-B-SC,371.41,0,100
TRI-CH-C-SC,280.82,0,100
TRI-CH-ECD,432,0,50
TRI-CH-ECL,464,0,50
TRI-LEAD,625.8,0,1000
TRI-LNS,1378,0,1000
TRI-MC,1233,2000,1000
TRI-MT,2799.173,0,2500
TRI-MT-RD,1044,0,0
TRI-PF,808,0,1000
TRI2-50-RGB,0,0,0
TRI2-ED,40,0,0
TS-101,2675,0,2000
TTC-F,370,0,0
TTC-M,370,0,0
TX-BKT,3755,0,0
TXB-2A,2031.76,0,0
TXB-A,13500.04,0,2500
TXB-A-SA,4200.35,0,2500
TXB-B,0,0,0
TXB-BK2,0,0,0
TXB-OWB,0,0,0
TXB-SC,0,0,0
TXB-W,3731.45,0,5000
TXB-W2,1119,0,0
TXLC-W,7200,0,2500
TXP-CS,4700,0,0
TXRC-A,9999.8,0,2500
TXRC-A-PA,400,0,0
TXRC-A-SA,2500.35,0,2500
TXRC-B,560,0,0
TXRC-BK,1000,0,0
TXRC-OWB,0,0,0
TXRC-W,26999.96,0,5000
TXS-CS,2945.26,0,2500
TXS-CSR,1194,0,0
VT-12,8414,0,1000
WF-20,84,0,0
WF-50,38,0,0
WF-CL20,4,0,30
WF-CL50,26.06,0,30
WFL-1,11224,0,1000
WFL-108,35,0,36
WFL-20,64,0,30
WFT-32,104,0,100
WM-1211,169,0,0
WP-101A,1700,0,500
WP-101B,0,0,0
WP-101C,5110.39,0,500
WP-101G,0,0,0
WP-101MR,868,0,0
WP-101MV,936,0,0
WP-101R,6700,0,500
WP-101RI,776,0,0
WP-101W,700,0,500
WP-105A,5065,0,500
WP-105B,2162,0,500
WP-105C,1710,0,500
WP-105G,3969,0,500
WP-105R,4320,0,500
WP-105W,1759,0,500
WP-FF-GR,27787,0,0
WP-L01C,70072.132,0,25000
WP-L01C-S,680.7,0,0
WP-L02C,31691.983,0,30000
XB-3F,4675,0,2500
XB-5C,2420,0,0
XB-5F,8908.36,5000,0
XB-5FB,1242.55,0,0
XB-8F,25250.2,0,0
XB-8FB,7849.91,0,0
XB-8FU,967,0,0
